y2 = 1.923912 + (-0.342648 * exp(1 * x)) + (0.717233 * exp(-1 * x)) + (0.0850665 * exp(2 * x)) + (-0.316139 * exp(-2 * x))
y3 = 1.583513 + (-0.365218 * exp(1 * x)) + (1.17726 * exp(-1 * x)) + (0.0954774 * exp(2 * x)) + (-0.448353 * exp(-2 * x))
x1=[-1.000000, -0.938776, -0.877551, -0.816327, -0.755102, -0.693878, -0.632653, -0.571429, -0.510204, -0.448980, -0.387755, -0.326531, -0.265306, -0.204082, -0.142857, -0.081633, -0.020408, 0.040816, 0.102041, 0.163265, 0.224490, 0.285714, 0.346939, 0.408163, 0.469388, 0.530612, 0.591837, 0.653061, 0.714286, 0.775510, 0.836735, 0.897959, 0.959184, 1.020408, 1.081633, 1.142857, 1.204082, 1.265306, 1.326531, 1.387755, 1.448980, 1.510204, 1.571429, 1.632653, 1.693878, 1.755102, 1.816327, 1.877551, 1.938776, 2.000000, ];
y5 = [1.465960, 1.712302, 1.829578, 1.591163, 1.698775, 1.996245, 1.986954, 1.848498, 1.931289, 2.138576, 1.986929, 2.148936, 2.138478, 2.190166, 2.090968, 2.166882, 2.246732, 2.110906, 2.250095, 1.946820, 1.869684, 2.144031, 1.962137, 2.135012, 1.880191, 1.903379, 1.896367, 2.021092, 1.863136, 1.815007, 1.719862, 1.601020, 1.727502, 1.513089, 1.794446, 1.831858, 1.917249, 1.961313, 2.079900, 1.954456, 2.054975, 2.300936, 2.551926, 2.743956, 2.995615, 2.968019, 3.235936, 3.200675, 3.631767, 4.087183, ];
